77%72%67%63%58%53%49%44%49%53%58%63%67%72%77%82%77%
72%
67%
63%
53%
58%
63%
100
99
100
95
95
90
90
85
85
80
80
75
75
70
70
65
65
60
60
60
60
60
60
60
70
70
70
70
71
71
72
72
73
73
74
74
75
75
76
76
77
77
78
78
79
79
80
80
81
81
82
82
83
83
84
84
85
85
86
86
87
87
87
87
87
87
87
87
88
88
89
89
91
91
93
93
95
95
97
97
99
99
99
99
99
99
99
99
99
99
99
99
99
98
98
97
97
96
96
95
95
94
94
93
93
93
93
93
93
93
93
93
93
93
93
93
93
93
93
93
93
93
93
93
93
93
93
93
93
93
93
93
93
93
93
93
93
93
93
93
93
93
93
93
93
93
93
93
93
93
93
93
93
93
93
93
93
93
93
93
93
93
93
93
93
93
93
93
93
93
93
93
93
92
92
91
91
90
90
88
88
87
87
85
85
84
84
83
83
82
82
81
81
80
80
79
79
78
78
78
78
78
78
78
78
77
77
76
76
75
75
74
74
73
73
71
71
69
69
68
68
67
67
66
66
65
65
64
64
63
63
62
62
61
61
60
60
59
59
58
58
57
57
56
56
56
56
56
56
56
56
56
56
56
56
56
56
56
56
56
56
56
56
56
56
56
56
56
56
56
56
56
56
57
57
58
58
59
59
60
60
61
61
62
62
64
64
65
65
67
67
69
69
71
71
73
73
75
75
76
76
78
78
79
79
80
80
80
80
81
81
82
82
85
85
88
88
91
91
93
93
94
94
95
95
96
96
97
97
97
97
98
99
98
98
98
99
99
99
99
99
99
99
99
99
99
99
99
99
99
99
99
99
99
99
99
99
99
99
99
99
99
99
99
99
99
99
99
99
99
99
99
99
99
99
99
99
99
99
99
99
99
99
99
99
99
99
99
99
99
99
99
99
99
99
99
99
99
99
99
99
99
99
99
99
99
99
99
99
99
99
99
99
99
99
99
99
98
98
98
98
97
97
96
96
95
95
94
94
93
93
92
92
91
91
90
90
89
89
88
88
87
87
87
87
87
87
87
87
87
87
87
87
87
87
87
87
87
87
87
87
87
87
87
87
87
87
87
87
87
87
87
87
87
87
87
87
87
87
87
87
86
86
85
85
84
84
83
83
82
82
82
82
81
81
80
80
79
79
78
78
77
77
76
76
75
75
74
74
73
73
72
72
71
71
70
70
69
69
68
68
67
67
67
67
67
67
67
67
67
67
67
67
67
67
67
67
67
67
67
67
67
67
67
67
67
67
67
67
67
67
67
67
67
67
67
67
67
67
67
67
67
67
67
67
67
67
67
67
67
67
67
67
67
67
68
68
69
69
70
70
71
71
73
73
74
74
75
75
76
76
77
77
78
78
79
79
80
80
81
81
82
82
83
83
84
84
84
84
84
84
84
84
84
84
84
84
84
84
84
84
84
84
84
84
84
84
84
84
84
84
84
84
84
84
84
84
84
84
84
84
84
84
83
83
82
82
81
81
80
80
78
78
76
76
74
74
73
73
71
71
69
69
67
67
65
65
63
63
62
62
60
60
58
58
57
57
56
56
55
55
54
54
53
53
52
52
51
51
50
50
49
49
49
49
49
49
49
49
49
49
49
49
49
49
49
49
49
49
49
49
49
49
49
49
49
49
49
49
49
49
50
50
51
51
53
53
55
55
57
57
59
59
62
62
64
64
66
66
68
68
69
69
71
71
72
72
73
73
74
74
75
75
76
76
76
76
76
76
76
76
76
76
76
76
76
76
76
76
76
76
76
76
76
76
76
76
76
76
76
76
76
76
75
75
75
75
74
74
73
73
71
71
70
70
68
68
66
66
64
64
62
62
60
60
58
58
56
56
54
54
52
52
49
49
46
46
43
43
40
40
38
38
36
36
35
35
35
35
35
35
35
35
35
35
35
35
35
35
35
35
35
35
35
35
35
35
35
35
35
35
36
36
37
37
39
39
41
41
43
43
45
45
47
47
49
49
51
51
53
53
55
55
57
57
58
58
60
60
61
61
62
62
63
63
64
64
65
65
65
65
65
65
65
65
65
65
65
65
65
65
65
65
65
65
65
65
65
65
65
65
65
65
65
65
65
65
64
64
63
63
62
62
60
60
58
58
55
55
53
53
50
50
47
47
45
45
43
43
41
41
39
39
38
38
36
36
35
35
34
34
33
33
32
32
31
31
31
31
31
31
31
31
31
31
31
31
31
31
31
31
31
31
32
32
34
34
36
36
38
38
40
40
42
42
44
44
46
46
48
48
50
50
52
52
53
53
55
55
56
56
57
57
58
58
59
59
60
60
60
60
60
60
60
60
60
60
60
60
60
60
60
60
60
60
60
60
60
60
60
60
60
60
60
60
60
60
60
60
60
60
60
60
60
60
60
60
60
60
59
59
58
58
57
57
56
56
55
55
53
53
52
52
51
51
50
50
49
49
48
48
47
47
46
46
45
45
44
44
43
43
42
42
41
41
40
40
39
39
38
38
37
37
36
36
35
35
34
34
33
33
33
33
33
33
33
33
33
33
33
33
33
33
33
33
33
33
34
34
35
35
36
36
38
38
40
40
42
42
44
44
45
45
47
47
48
48
49
49
50
50
51
51
52
52
53
53
54
54
55
55
56
56
56
56
56
56
56
56
56
56
56
56
56
56
56
56
56
56
56
56
56
56
56
56
56
56
56
56
55
55
54
54
53
53
50
50
49
49
50
50
52
52
55
55
57
57
59
59
61
61
63
63
64
64
65
65
66
66
67
67
68
68
69
69
70
70
71
71
72
72
73
73
73
73
73
73
73
73
73
73
73
73
73
73
73
73
73
73
73
73
73
73
73
73
73
73
73
73
73
73
73
73
73
73
73
73
72
72
71
71
70
70
69
69
68
68
66
66
64
64
62
62
60
60
58
58
56
56
54
54
52
52
50
50
48
48
47
47
46
46
45
45
44
44
44
44
44
44
44
44
44
44
44
44
44
44
44
44
44
44
45
45
47
47
49
49
52
52
55
55
57
57
59
59
61
61
62
62
64
64
65
65
65
65
65
65
65
65
65
65
65
65
65
65
65
65
65
65
65
65
65
65
65
65
64
64
63
63
62
62
60
60
58
58
56
56
54
54
52
52
50
50
48
48
47
47
45
45
44
44
43
43
42
42
42
42
42
42
42
42
42
42
42
42
42
42
42
42
42
42
42
42
42
42
42
42
42
42
43
43
44
44
46
46
47
47
49
49
51
51
53
53
55
55
57
57
58
58
59
59
60
60
61
61
62
62
62
62
62
62
62
62
62
62
62
62
62
62
62
62
62
62
63
63
65
65
66
66
68
68
70
70
72
72
74
74
75
75
76
76
77
77
78
78
79
79
80
80
80
80
80
80
80
80
80
80
80
80
80
80
80
80
80
80
80
80
80
80
80
80
80
80
80
80
80
80
80
80
80
80
80
80
80
80
80
80
79
79
78
78
77
77
76
76
75
75
74
74
73
73
72
72
71
71
70
70
69
69
68
68
67
67
66
66
65
65
64
64
64
64
64
64
64
64
64
64
64
64
64
64
64
64
64
64
64
64
64
64
64
64
64
64
64
64
64
64
64
64
65
65
66
66
67
67
68
68
69
69
70
70
71
71
72
72
73
73
74
74
75
75
76
76
76
76
76
76
76
76
76
76
76
76
76
76
76
76
76
76
76
76
76
76
76
76
76
76
76
71
71
66
66
61
61
56
56
51
51
46
46
56
56
56
56
56
56
51
51
46
46
41
41
36
36
56
56
56
56
56
56
60
60
65
65
69
69
73
73
68
68
63
63
58
58
53
53
48
48
43
43
38
38
33
33
48
48
53
53
38
53
53
53
53
58
58
62
62
57
57
52
52
62
62
62
62
62
62
57
57
57
57
62
62
62
67
71
67
71
67
71
67
71
67
71
67
71
67
71
67
71
67
71
67
71
67
71
67
71
67
71
67
71
67
71
67
71
67
71
67
71
67
71
67
71
67
71
67
71
67
71
67
71
67
71
67
71
67
71
67
71
67
71
67
71
67
71
67
67
67
71
71
76
76
80
80
85
85
67
67
67
67
67
67
61
67
67
67
67
67
62
57
57
57
52
52
47
47
42
42
37
37
44
39
35
29
24
15
5
0
5
5
9
9
13
13
18
18
22
22
27
27
31
31
36
36
40
40
45
45
25
17
10
1
0
68
10
17
17
17
17
17
17
17
17
10
10
21
26
26
31
31
36
36
40
40
45
45
49
49
40
40
40
40
40
40
49
49
49
53
53
58
58
62
62
67
67
62
62
62
62
62
62
56
67
67
67
67
67
29
29
29
29
29
38
52
67
67
67
67
67
29
29
29
52
29
52
29
52
29
52
29
52
29
52
29
52
29
52
29
52
29
52
52
52
56
56
60
60
65
65
69
69
73
73
78
78
82
82
87
87
73
73
73
73
73
73
75
76
78
79
80
82
83
82
80
79
78
76
75
73
72
71
69
68
65
64
62
61
59
58
56
55
54
55
56
58
59
61
62
64
65
66
68
69
71
72
73
75
76
75
73
72
71
69
68
66
65
64
62
71
65
64
64
64
64
64
69
66
66
65
65
69
69
66
69
69
66
69
69
69
65
69
69
69
69
69
69
69
11
11
11
16
16
20
20
25
25
29
29
33
33
38
38
42
42
47
47
6
11
16
20
25
30
35
39
11
11
25
16
16
16
11
11
6
6
25
16
16
6
25
16
6
25
16
16
25
16
25
16
25
16
25
16
25
25
25
29
29
33
33
38
38
42
42
47
47
51
51
56
56
60
60
65
65
69
69
73
73
78
78
69
69
69
69
69
69
73
73
73
73
69
69
69
69
69
69
69
69
69
69
69
69
69
69
69
64
64
59
59
54
54
49
49
44
44
39
39
44
44
49
49
53
53
58
58
49
49
49
49
49
49
53
53
58
58
62
62
67
67
34
29
25
18
11
4
0
62
17
15
14
13
11
10
8
17
5
14
5
7
0
29
10
14
14
17
17
17
17
17
17
17
14
14
14
14
39
17
17
17
17
27
39
38
36
32
29
25
24
22
47
47
47
29
29
29
29
25
22
22
22
25
25
25
25
36
62
38
25
25
25
25
25
25
62
62
62
62
38
62
38
62
38
62
38
62
38
38
38
62
62
62
62
62
62
62
62
62
38
38
38
38
38
38
38
62
62
62
62
62
31
58
76
38
49
61
29
21
13
7
1
8
4
1
0
4
55
4
4
4
7
4
7
55
7
55
55
4
4
4
4
4
7
7
4
7
4
7
7
7
62
7
7
7
7
7
7
7
7
11
11
11
16
16
20
20
25
25
29
29
33
33
38
38
42
47
42
42
42
64
33
33
33
33
64
64
33
64
33
64
33
64
64
64
33
33
33
33
64
64
64
64
64
20
7
1
0
68
56
55
54
52
51
48
44
41
38
36
35
34
32
31
32
34
35
36
38
39
42
44
47
48
49
51
52
54
22
39
47
47
47
47
47
47
47
47
51
39
47
39
39
47
39
39
39
47
48
49
48
49
49
47
47
47
47
48
49
49
49
49
47
47
47
49
49
49
49
49
49
11
11
11
16
16
20
20
25
25
29
29
33
33
38
38
42
42
47
47
51
51
56
56
56
56
56
56
56
41
56
56
56
56
56
56
56
56
56
56
56
56
68
68
68
56
56
56
56
56
56
36
41
41
45
45
49
49
53
53
58
58
62
62
15
13
8
5
13
7
0
87
44
8
8
7
7
7
7
7
7
13
13
7
7
13
7
13
7
7
7
64
64
64
64
64
13
13
13
13
36
61
61
61
61
61
61
61
61
13
13
13
13
61
61
61
61
61
61
13
13
13
51
61
61
61
61
61
61
61
51
51
