57
62
57
52
47
42
37
42
37
42
37
42
37
42
37
42
37
42
37
42
47
52
57
62
67
72
67
62
57
52
47
42
37
32
37
42
47
52
57
52
47
42
37
32
27
22
17
12
7
12
17
22
17
17
17
22
22
22
22
22
22
22
22
22
22
22
22
22
22
22
22
22
22
22
9
21
22
14
15
18
22
25
28
31
33
35
38
39
41
42
43
45
46
48
49
50
52
53
55
56
57
59
60
62
63
65
66
69
72
74
77
80
83
84
87
89
91
94
96
97
96
94
93
90
89
86
83
82
79
76
73
69
66
63
60
57
56
53
52
50
49
48
46
45
43
42
41
42
43
45
46
48
50
52
55
57
59
60
62
63
65
66
67
69
70
72
74
76
77
80
82
83
84
86
87
86
84
83
82
80
77
76
73
70
69
67
66
65
63
62
60
59
57
56
55
53
52
50
49
48
46
45
43
42
41
39
38
36
35
33
32
31
29
28
26
25
24
22
21
19
16
15
12
9
7
5
14
12
4
5
16
18
21
12
14
15
18
21
22
25
26
28
29
31
32
33
35
36
38
39
41
42
43
45
46
48
49
50
52
53
55
56
57
59
57
56
53
52
49
46
43
41
38
35
33
31
28
25
22
19
16
14
12
11
9
7
15
14
12
1
0
7
5
4
2
1
0
1
2
4
5
7
8
9
11
4
5
16
8
9
21
22
14
15
16
18
19
21
22
25
26
28
29
31
33
36
39
43
46
49
50
55
56
59
60
63
65
66
67
69
70
72
73
76
79
82
84
87
89
90
89
87
84
83
82
80
79
77
74
73
70
67
65
62
55
52
49
45
42
41
38
36
32
29
26
22
14
11
8
5
2
11
8
4
2
0
7
16
24
32
39
46
56
62
72
79
82
84
89
90
93
94
96
97
99
84
70
49
41
31
26
21
14
11
9
16
15
4
2
22
28
24
31
36
45
52
57
65
70
72
73
72
66
62
57
46
42
38
33
29
26
24
21
19
16
15
14
12
11
9
8
16
21
28
35
39
45
49
53
55
56
57
59
60
62
60
57
53
49
43
36
31
22
15
9
4
11
7
5
1
0
1
2
11
16
25
35
46
57
70
79
86
90
97
99
94
83
69
53
38
19
1
0
11
26
31
46
62
74
86
96
99
93
84
73
59
43
11
0
18
32
35
48
59
70
80
96
99
97
89
79
66
29
7
0
36
57
67
94
99
57
